Macierz A:
     1.41421      1.73205            2      2.23607      2.44949 
     1.73205            2      2.23607      2.44949      2.64575 
           2      2.23607      2.44949      2.64575      2.82843 
     2.23607      2.44949      2.64575      2.82843            3 
     2.44949      2.64575      2.82843            3      3.16228 


Macierz przekształcenia P:
    0.127995     0.473318     0.748056    -0.447214            0 
   -0.559029    -0.639797      0.21169    -0.483046            0 
     0.75337    -0.341655    -0.221449    -0.516398            0 
   -0.321774     0.499901    -0.588694    -0.547723            0 
           0            0            0            0            1 


Wartości własne macierzy T:
lambda1: -0.000000
lambda2: -0.000073
lambda3: -0.005117
lambda4: -0.381893
lambda5: 12.241493

Wektory własne macierzy T:
Wektor wlasny y1: -0.860161, 0.371571, -0.216227, -0.137207, -0.23765
Wektor wlasny y2: -0.509986, -0.618499, 0.369873, 0.234827, 0.406723
Wektor wlasny y3: -0.00604528, -0.692329, -0.436638, -0.287573, -0.497285
Wektor wlasny y4: 1.00407e-06, 0.00861619, 0.790691, -0.332559, -0.513943
Wektor wlasny y5: -2.99203e-11, 8.22916e-06, -0.024372, -0.856, 0.5164


Wektory własne macierzy A:
Wektor wlasny x1: -0.0346135, 0.263629, -0.656232, 0.664969, -0.23765
Wektor wlasny x2: -0.186354, 0.645677, -0.376067, -0.49145, 0.406723
Wektor wlasny x3: -0.526489, 0.492809, 0.477178, 0.0704053, -0.497285
Wektor wlasny x4: 0.744284, 0.32251, -0.00630781, -0.279018, -0.513943
Wektor wlasny x5: 0.364587, 0.408323, 0.447431, 0.483203, 0.5164


Beta:
beta 1 = -5.60687e-07 
beta 2 = -7.35992e-05 
beta 3 = -0.00511705 
beta 4 = -0.381893 
beta 5 = 12.2415 
